30,10
30,20
30,30
30,40
30,50
30,60
30,70
30,80
30,90
30,100
30,110
30,120
30,130
30,140
30,150
30,160
30,170
30,180
30,190
30,200
30,210
30,220
30,230
30,240
30,250
40,250
50,250
60,250
70,250
80,250
90,250
100,250
110,250
120,250
130,250
140,250
150,250
160,250
170,250
180,250
180,260
180,270
180,280
180,290
180,300
180,310
180,320
180,330
180,340
180,350
180,360
170,360
160,360
150,360
140,360
130,360
120,360
110,360
100,360
90,360
80,360
70,360
60,360
50,360
40,360
30,360
30,400
40,400
50,400
60,400
70,400
80,400
90,400
100,400
110,400
120,400
130,400
140,400
150,400
160,400
170,400
180,400
180,410
180,420
180,430
180,440
180,450
180,460
180,470
180,480
170,480
160,480
150,480
140,480
130,480
120,480
110,480
100,480
90,480
80,480
70,480
60,480
50,480
40,480
30,480
30,490
30,500
30,510
30,520
30,530
30,540
30,550
30,560
30,570
30,580
30,590
30,600
30,610
40,610
50,610
60,610
70,610
80,610
90,610
90,620
90,630
90,640
90,650
90,660
80,660
70,660
60,660
50,660
40,660
30,660
30,670
30,680
30,690
30,700
30,710
30,720
30,730
30,740
30,750
30,760
30,770
30,780
30,790
40,790
50,790
60,790
70,790
80,790
90,790
100,790
110,790
120,790
130,790
140,790
150,790
160,790
170,790
180,790
190,790
200,790
210,790
220,790
230,790
240,790
250,790
260,790
270,790
280,790
290,790
300,790
310,790
320,790
330,790
340,790
350,790
360,790
370,790
380,790
390,790
400,790
410,790
420,790
430,790
440,790
450,790
460,790
470,790
480,790
490,790
500,790
510,790
520,790
530,790
540,790
550,790
560,790
570,790
580,790
590,790
600,790
610,790
620,790
630,790
640,790
650,790
660,790
670,790
680,790
690,790
700,790
710,790
720,790
730,790
740,790
750,790
760,790
770,790
780,790
790,790
800,790
810,790
820,790
830,790
840,790
850,790
850,780
850,770
850,760
850,750
850,740
850,730
850,720
850,710
850,700
850,690
850,680
850,670
850,660
840,660
830,660
820,660
810,660
800,660
790,660
790,650
790,640
790,630
790,620
790,610
800,610
810,610
820,610
830,610
840,610
850,610
850,600
850,590
850,580
850,570
850,560
850,550
850,540
850,530
850,520
850,510
850,500
850,490
850,480
840,480
830,480
820,480
810,480
800,480
790,480
780,480
770,480
760,480
750,480
740,480
730,480
720,480
710,480
700,480
700,470
700,460
700,450
700,440
700,430
700,420
700,410
700,400
710,400
720,400
730,400
740,400
750,400
760,400
770,400
780,400
790,400
800,400
810,400
820,400
830,400
840,400
850,400
850,360
840,360
830,360
820,360
810,360
800,360
790,360
780,360
770,360
760,360
750,360
740,360
730,360
720,360
710,360
700,360
700,350
700,340
700,330
700,320
700,310
700,300
700,290
700,280
700,270
700,260
700,250
710,250
720,250
730,250
740,250
750,250
760,250
770,250
780,250
790,250
800,250
810,250
820,250
830,250
840,250
850,250
850,240
850,230
850,220
850,210
850,200
850,190
850,180
850,170
850,160
850,150
850,140
850,130
850,120
850,110
850,100
850,90
850,80
850,70
850,60
850,50
850,40
850,30
850,20
850,10
850,0
840,0
830,0
820,0
810,0
800,0
790,0
780,0
770,0
760,0
750,0
740,0
730,0
720,0
710,0
700,0
690,0
680,0
670,0
660,0
650,0
640,0
630,0
620,0
610,0
600,0
590,0
580,0
570,0
560,0
550,0
540,0
530,0
520,0
510,0
500,0
490,0
480,0
470,0
460,0
450,0
450,10
450,20
450,30
450,40
450,50
450,60
450,70
450,80
450,90
450,100
450,110
450,120
440,120
430,120
430,110
430,100
430,90
430,80
430,70
430,60
430,50
430,40
430,30
430,20
430,10
430,0
420,0
410,0
400,0
390,0
380,0
370,0
360,0
350,0
340,0
330,0
320,0
310,0
300,0
290,0
280,0
270,0
260,0
250,0
240,0
230,0
220,0
210,0
200,0
190,0
180,0
170,0
160,0
150,0
140,0
130,0
120,0
110,0
100,0
90,0
80,0
70,0
60,0
50,0
40,0
30,0
70,40
70,50
70,60
70,70
70,80
70,90
70,100
70,110
70,120
80,120
90,120
100,120
110,120
120,120
130,120
140,120
150,120
160,120
170,120
180,120
180,110
180,100
180,90
180,80
180,70
180,60
180,50
180,40
170,40
160,40
150,40
140,40
130,40
120,40
110,40
100,40
90,40
80,40
70,40
70,160
70,170
70,180
70,190
70,200
70,210
80,210
90,210
100,210
110,210
120,210
130,210
140,210
150,210
160,210
170,210
180,210
180,200
180,190
180,180
180,170
180,160
170,160
160,160
150,160
140,160
130,160
120,160
110,160
100,160
90,160
80,160
70,160
220,40
220,50
220,60
220,70
220,80
220,90
220,100
220,110
220,120
230,120
240,120
250,120
260,120
270,120
280,120
290,120
300,120
310,120
320,120
330,120
340,120
350,120
360,120
370,120
380,120
390,120
390,110
390,100
390,90
390,80
390,70
390,60
390,50
390,40
380,40
370,40
360,40
350,40
340,40
330,40
320,40
310,40
300,40
290,40
280,40
270,40
260,40
250,40
240,40
230,40
490,40
490,50
490,60
490,70
490,80
490,90
490,100
490,110
490,120
500,120
510,120
520,120
530,120
540,120
550,120
560,120
570,120
580,120
590,120
600,120
610,120
620,120
630,120
640,120
650,120
660,120
660,110
660,100
660,90
660,80
660,70
660,60
660,50
660,40
650,40
640,40
630,40
620,40
610,40
600,40
590,40
580,40
570,40
560,40
550,40
540,40
530,40
520,40
510,40
500,40
700,40
710,40
720,40
730,40
740,40
750,40
760,40
770,40
780,40
790,40
800,40
810,40
810,50
810,60
810,70
810,80
810,90
810,100
810,110
810,120
800,120
790,120
780,120
770,120
760,120
750,120
740,120
730,120
720,120
710,120
700,120
700,110
700,100
700,90
700,80
700,70
700,60
700,50
700,160
700,170
700,180
700,190
700,200
700,210
710,210
720,210
730,210
740,210
750,210
760,210
770,210
780,210
790,210
800,210
810,210
810,200
810,190
810,180
810,170
810,160
800,160
790,160
780,160
770,160
760,160
750,160
740,160
730,160
720,160
710,160
660,160
650,160
640,160
630,160
620,160
610,160
600,160
590,160
580,160
580,170
580,180
580,190
580,200
580,210
580,220
570,220
560,220
550,220
540,220
530,220
520,220
520,230
520,240
520,250
520,260
520,270
530,270
540,270
550,270
560,270
570,270
580,270
580,280
580,290
580,300
580,310
580,320
580,330
580,340
580,350
580,360
590,360
600,360
610,360
620,360
630,360
640,360
650,360
660,360
660,350
660,340
660,330
660,320
660,310
660,300
660,290
660,280
660,270
660,260
660,250
660,240
660,230
660,220
660,210
660,200
660,190
660,180
660,170
540,160
530,160
520,160
510,160
500,160
490,160
480,160
470,160
460,160
450,160
440,160
430,160
420,160
410,160
400,160
390,160
380,160
370,160
360,160
350,160
340,160
330,160
320,160
310,160
310,170
310,180
320,180
330,180
340,180
350,180
360,180
370,180
380,180
390,180
400,180
400,190
400,200
400,210
400,220
400,230
400,240
410,240
420,240
430,240
440,240
450,240
450,230
450,220
450,210
450,200
450,190
450,180
460,180
470,180
480,180
490,180
500,180
510,180
520,180
530,180
540,180
540,170
220,160
230,160
240,160
250,160
260,160
270,160
270,170
270,180
270,190
270,200
270,210
270,220
280,220
290,220
300,220
310,220
320,220
330,220
330,230
330,240
330,250
330,260
330,270
320,270
310,270
300,270
290,270
280,270
270,270
270,280
270,290
270,300
270,310
270,320
270,330
270,340
270,350
270,360
260,360
250,360
240,360
230,360
220,360
220,350
220,340
220,330
220,320
220,310
220,300
220,290
220,280
220,270
220,260
220,250
220,240
220,230
220,220
220,210
220,200
220,190
220,180
220,170
220,480
220,470
220,460
220,450
220,440
220,430
220,420
220,410
220,400
230,400
240,400
250,400
260,400
270,400
270,410
270,420
270,430
270,440
270,450
270,460
270,470
270,480
260,480
250,480
240,480
230,480
580,480
590,480
600,480
610,480
620,480
630,480
640,480
650,480
660,480
660,470
660,460
660,450
660,440
660,430
660,420
660,410
660,400
650,400
640,400
630,400
620,400
610,400
600,400
590,400
580,400
580,410
580,420
580,430
580,440
580,450
580,460
580,470
580,480
320,480
310,480
310,470
310,460
310,450
310,440
310,430
320,430
330,430
340,430
350,430
360,430
370,430
380,430
390,430
400,430
410,430
420,430
430,430
440,430
450,430
460,430
470,430
480,430
490,430
500,430
510,430
520,430
530,430
540,430
540,440
540,450
540,460
540,470
540,480
530,480
520,480
510,480
500,480
490,480
480,480
470,480
460,480
450,480
450,490
450,500
450,510
450,520
450,530
450,540
450,550
450,560
450,570
440,570
430,570
420,570
410,570
400,570
400,560
400,550
400,540
400,530
400,520
400,510
400,500
400,490
400,480
390,480
380,480
370,480
360,480
350,480
340,480
330,480
220,610
230,610
240,610
250,610
260,610
270,610
270,620
270,630
270,640
270,650
270,660
270,670
270,680
270,690
270,700
280,700
290,700
300,700
310,700
320,700
330,700
340,700
350,700
360,700
360,710
360,720
360,730
360,740
350,740
340,740
330,740
320,740
310,740
300,740
290,740
280,740
270,740
260,740
250,740
240,740
230,740
220,740
210,740
200,740
190,740
180,740
170,740
160,740
150,740
140,740
130,740
120,740
110,740
100,740
90,740
80,740
70,740
70,730
70,720
70,710
70,700
80,700
90,700
100,700
110,700
120,700
130,700
140,700
150,700
160,700
170,700
180,700
190,700
200,700
210,700
220,700
220,690
220,680
220,670
220,660
220,650
220,640
220,630
220,620
180,660
180,650
180,640
180,630
180,620
180,610
180,600
180,590
180,580
180,570
180,560
180,550
180,540
180,530
180,520
170,520
160,520
150,520
140,520
130,520
120,520
110,520
100,520
90,520
80,520
70,520
70,530
70,540
70,550
70,560
70,570
80,570
90,570
100,570
110,570
120,570
130,570
130,580
130,590
130,600
130,610
130,620
130,630
130,640
130,650
130,660
140,660
150,660
160,660
170,660
180,660
220,520
220,530
220,540
220,550
220,560
220,570
230,570
240,570
250,570
260,570
270,570
280,570
290,570
300,570
310,570
320,570
330,570
340,570
350,570
360,570
360,560
360,550
360,540
360,530
360,520
350,520
340,520
330,520
320,520
310,520
300,520
290,520
280,520
270,520
260,520
250,520
240,520
230,520
490,520
500,520
510,520
520,520
530,520
540,520
550,520
560,520
570,520
580,520
590,520
600,520
610,520
620,520
630,520
640,520
650,520
660,520
660,530
660,540
660,550
660,560
660,570
650,570
640,570
630,570
620,570
610,570
600,570
590,570
580,570
570,570
560,570
550,570
540,570
530,570
520,570
510,570
500,570
490,570
490,560
490,550
490,540
490,530
700,520
710,520
720,520
730,520
740,520
750,520
760,520
770,520
780,520
790,520
800,520
810,520
810,530
810,540
810,550
810,560
810,570
800,570
790,570
780,570
770,570
760,570
750,570
750,580
750,590
750,600
750,610
750,620
750,630
750,640
750,650
750,660
740,660
730,660
720,660
710,660
700,660
700,650
700,640
700,630
700,620
700,610
700,600
700,590
700,580
700,570
700,560
700,550
700,540
700,530
570,610
570,620
570,630
570,640
570,650
570,660
560,660
550,660
540,660
530,660
520,660
510,660
500,660
490,660
480,660
470,660
460,660
450,660
450,670
450,680
450,690
450,700
450,710
450,720
450,730
450,740
440,740
430,740
420,740
410,740
400,740
400,730
400,720
400,710
400,700
400,690
400,680
400,670
400,660
390,660
380,660
370,660
360,660
350,660
340,660
330,660
320,660
310,660
310,650
310,640
310,630
310,620
310,610
320,610
330,610
340,610
350,610
360,610
370,610
380,610
390,610
400,610
410,610
420,610
430,610
440,610
450,610
460,610
470,610
480,610
490,610
500,610
510,610
520,610
530,610
540,610
550,610
560,610
610,610
620,610
630,610
640,610
650,610
660,610
660,620
660,630
660,640
660,650
660,660
660,670
660,680
660,690
660,700
670,700
680,700
690,700
700,700
710,700
720,700
730,700
740,700
750,700
760,700
770,700
780,700
790,700
800,700
810,700
810,710
810,720
810,730
810,740
800,740
790,740
780,740
770,740
760,740
750,740
740,740
730,740
720,740
710,740
760,740
750,740
740,740
730,740
720,740
710,740
700,740
690,740
680,740
670,740
660,740
650,740
640,740
630,740
620,740
610,740
600,740
590,740
580,740
570,740
560,740
550,740
540,740
530,740
520,740
510,740
500,740
490,740
490,730
490,720
490,710
490,700
500,700
510,700
520,700
530,700
540,700
550,700
560,700
570,700
580,700
590,700
600,700
610,700
610,690
610,680
610,670
610,660
610,650
610,640
610,630
610,620
540,390
530,390
540,380
540,370
540,360
540,350
540,340
540,330
540,320
540,310
530,310
520,310
510,310
500,310
490,310
480,310
470,310
460,310
390,310
380,310
370,310
360,310
350,310
340,310
330,310
320,310
310,310
310,320
310,330
310,340
310,350
310,360
310,370
310,380
310,390
320,390
330,390
340,390
350,390
360,390
370,390
380,390
390,390
400,390
410,390
420,390
430,390
440,390
450,390
460,390
470,390
480,390
490,390
500,390
510,390
520,390
340,330
350,330
360,330
370,330
380,330
390,330
390,320
390,310
330,330
330,350
330,360
330,370
340,370
350,370
360,370
370,370
380,370
390,370
400,370
410,370
420,370
430,370
440,370
450,370
460,370
470,370
480,370
490,370
500,370
510,370
520,370
520,360
520,350
520,340
520,330
510,330
500,330
490,330
480,330
330,340
470,330
460,330
460,320
460,340
460,350
460,360
390,360
390,350
390,340
390,270
400,270
410,270
420,270
430,270
440,270
450,270
460,270
